1772330134.566826 8599.907938
1772330135.566826 8597.610490
1772330136.566826 8595.286273
1772330137.566826 8592.935040
1772330138.566826 8590.556543
1772330139.566826 8588.150531
1772330140.566826 8585.716750
1772330141.566826 8583.254940
1772330142.566826 8580.764843
1772330143.566826 8578.246193
1772330144.566826 8575.698723
1772330145.566826 8573.122162
1772330146.566826 8570.516237
1772330147.566826 8567.880670
1772330148.566826 8565.215180
1772330149.566826 8562.519483
1772330150.566826 8559.793290
1772330151.566826 8557.036310
1772330152.566826 8554.248249
1772330153.566826 8551.428806
1772330154.566826 8548.577679
1772330155.566826 8545.694562
1772330156.566826 8542.779144
1772330157.566826 8539.831110
1772330158.566826 8536.850144
1772330159.566826 8533.835921
1772330160.566826 8530.788116
1772330161.566826 8527.706398
1772330162.566826 8524.590433
1772330163.566826 8521.439880
1772330164.566826 8518.254396
1772330165.566826 8515.033635
1772330166.566826 8511.777242
1772330167.566826 8508.484861
1772330168.566826 8505.156132
1772330169.566826 8501.790686
1772330170.566826 8498.388154
1772330171.566826 8494.948160
1772330172.566826 8491.470323
1772330173.566826 8487.954258
1772330174.566826 8484.399573
1772330175.566826 8480.805873
1772330176.566826 8477.172758
1772330177.566826 8473.499820
1772330178.566826 8469.786649
1772330179.566826 8466.032827
1772330180.566826 8462.237933
1772330181.566826 8458.401538
1772330182.566826 8454.523208
1772330183.566826 8450.602505
1772330184.566826 8446.638982
1772330185.566826 8442.632189
1772330186.566826 8438.581669
1772330187.566826 8434.486959
1772330188.566826 8430.347588
1772330189.566826 8426.163082
1772330190.566826 8421.932959
1772330191.566826 8417.656729
1772330192.566826 8413.333898
1772330193.566826 8408.963965
1772330194.566826 8404.546420
1772330195.566826 8400.080748
1772330196.566826 8395.566428
1772330197.566826 8391.002929
1772330198.566826 8386.389715
1772330199.566826 8381.726243
1772330200.566826 8377.011961
1772330201.566826 8372.246311
1772330202.566826 8367.428725
1772330203.566826 8362.558631
1772330204.566826 8357.635446
1772330205.566826 8352.658580
1772330206.566826 8347.627435
1772330207.566826 8342.541406
1772330208.566826 8337.399877
1772330209.566826 8332.202225
1772330210.566826 8326.947820
1772330211.566826 8321.636021
1772330212.566826 8316.266178
1772330213.566826 8310.837634
1772330214.566826 8305.349721
1772330215.566826 8299.801763
1772330216.566826 8294.193073
1772330217.566826 8288.522957
1772330218.566826 8282.790709
1772330219.566826 8276.995615
1772330220.566826 8271.136949
1772330221.566826 8265.213976
1772330222.566826 8259.225950
1772330223.566826 8253.172117
1772330224.566826 8247.051709
1772330225.566826 8240.863949
1772330226.566826 8234.608050
1772330227.566826 8228.283211
1772330228.566826 8221.888622
1772330229.566826 8215.423462
1772330230.566826 8208.886896
1772330231.566826 8202.278080
1772330232.566826 8195.596156
1772330233.566826 8188.840255
1772330234.566826 8182.009494
1772330235.566826 8175.102980
1772330236.566826 8168.119805
1772330237.566826 8161.059050
1772330238.566826 8153.919782
1772330239.566826 8146.701053
1772330240.566826 8139.401906
1772330241.566826 8132.021365
1772330242.566826 8124.558445
1772330243.566826 8117.012142
1772330244.566826 8109.381442
1772330245.566826 8101.665314
1772330246.566826 8093.862714
1772330247.566826 8085.972580
1772330248.566826 8077.993839
1772330249.566826 8069.925399
1772330250.566826 8061.766154
1772330251.566826 8053.514983
1772330252.566826 8045.170746
1772330253.566826 8036.732289
1772330254.566826 8028.198442
1772330255.566826 8019.568016
1772330256.566826 8010.839807
1772330257.566826 8002.012591
1772330258.566826 7993.085130
1772330259.566826 7984.056165
1772330260.566826 7974.924420
1772330261.566826 7965.688603
1772330262.566826 7956.347398
1772330263.566826 7946.899476
1772330264.566826 7937.343486
1772330265.566826 7927.678056
1772330266.566826 7917.901798
1772330267.566826 7908.013302
1772330268.566826 7898.011138
1772330269.566826 7887.893855
1772330270.566826 7877.659981
1772330271.566826 7867.308025
1772330272.566826 7856.836473
1772330273.566826 7846.243789
1772330274.566826 7835.528416
1772330275.566826 7824.688774
1772330276.566826 7813.723261
1772330277.566826 7802.630252
1772330278.566826 7791.408098
1772330279.566826 7780.055128
1772330280.566826 7768.569647
1772330281.566826 7756.949934
1772330282.566826 7745.194247
1772330283.566826 7733.300815
1772330284.566826 7721.267847
1772330285.566826 7709.093522
1772330286.566826 7696.775996
1772330287.566826 7684.313398
1772330288.566826 7671.703833
1772330289.566826 7658.945376
1772330290.566826 7646.036077
1772330291.566826 7632.973959
1772330292.566826 7619.757017
1772330293.566826 7606.383217
1772330294.566826 7592.850500
1772330295.566826 7579.156776
1772330296.566826 7565.299927
1772330297.566826 7551.277804
1772330298.566826 7537.088233
1772330299.566826 7522.729007
1772330300.566826 7508.197889
1772330301.566826 7493.492613
1772330302.566826 7478.610882
1772330303.566826 7463.550368
1772330304.566826 7448.308712
1772330305.566826 7432.883524
1772330306.566826 7417.272382
1772330307.566826 7401.472830
1772330308.566826 7385.482384
1772330309.566826 7369.298525
1772330310.566826 7352.918700
1772330311.566826 7336.340325
1772330312.566826 7319.560783
1772330313.566826 7302.577423
1772330314.566826 7285.387560
1772330315.566826 7267.988475
1772330316.566826 7250.377416
1772330317.566826 7232.551596
1772330318.566826 7214.508195
1772330319.566826 7196.244356
1772330320.566826 7177.757190
1772330321.566826 7159.043771
1772330322.566826 7140.101141
1772330323.566826 7120.926303
1772330324.566826 7101.516229
1772330325.566826 7081.867853
1772330326.566826 7061.978077
1772330327.566826 7041.843765
1772330328.566826 7021.461747
1772330329.566826 7000.828818
1772330330.566826 6979.941739
1772330331.566826 6958.797235
1772330332.566826 6937.391997
1772330333.566826 6915.722680
1772330334.566826 6893.785907
1772330335.566826 6871.578265
1772330336.566826 6849.096308
1772330337.566826 6826.336556
1772330338.566826 6803.295496
1772330339.566826 6779.969582
1772330340.566826 6756.355236
1772330341.566826 6732.448846
1772330342.566826 6708.246772
1772330343.566826 6683.745339
1772330344.566826 6658.940844
1772330345.566826 6633.829554
1772330346.566826 6608.407707
1772330347.566826 6582.671511
1772330348.566826 6556.617148
1772330349.566826 6530.240773
1772330350.566826 6503.538515
1772330351.566826 6476.506479
1772330352.566826 6449.140744
1772330353.566826 6421.437369
1772330354.566826 6393.392389
1772330355.566826 6365.001822
1772330356.566826 6336.261663
1772330357.566826 6307.167893
1772330358.566826 6277.716474
1772330359.566826 6247.903356
1772330360.566826 6217.724475
1772330361.566826 6187.175755
1772330362.566826 6156.253113
1772330363.566826 6124.952455
1772330364.566826 6093.269685
1772330365.566826 6061.200702
1772330366.566826 6028.741403
1772330367.566826 5995.887689
1772330368.566826 5962.635460
1772330369.566826 5928.980626
1772330370.566826 5894.919103
1772330371.566826 5860.446821
1772330372.566826 5825.559720
1772330373.566826 5790.253760
1772330374.566826 5754.524920
1772330375.566826 5718.369203
1772330376.566826 5681.782637
1772330377.566826 5644.761281
1772330378.566826 5607.301225
1772330379.566826 5569.398600
1772330380.566826 5531.049574
1772330381.566826 5492.250361
1772330382.566826 5452.997223
1772330383.566826 5413.286476
1772330384.566826 5373.114490
1772330385.566826 5332.477699
1772330386.566826 5291.372601
1772330387.566826 5249.795766
1772330388.566826 5207.743837
1772330389.566826 5165.213538
1772330390.566826 5122.201677
1772330391.566826 5078.705154
1772330392.566826 5034.720961
1772330393.566826 4990.246193
1772330394.566826 4945.278049
1772330395.566826 4899.813840
1772330396.566826 4853.850994
1772330397.566826 4807.387063
1772330398.566826 4760.419724
1772330399.566826 4712.946791
1772330400.566826 4664.966218
1772330401.566826 4616.476106
1772330402.566826 4567.474705
1772330403.566826 4517.960428
1772330404.566826 4467.931850
1772330405.566826 4417.387719
1772330406.566826 4366.326958
1772330407.566826 4314.748676
1772330408.566826 4262.652170
1772330409.566826 4210.036935
1772330410.566826 4156.902668
1772330411.566826 4103.249276
1772330412.566826 4049.076878
1772330413.566826 3994.385819
1772330414.566826 3939.176668
1772330415.566826 3883.450230
1772330416.566826 3827.207548
1772330417.566826 3770.449912
1772330418.566826 3713.178862
1772330419.566826 3655.396196
1772330420.566826 3597.103975
1772330421.566826 3538.304526
1772330422.566826 3479.000451
1772330423.566826 3419.194628
1772330424.566826 3358.890220
1772330425.566826 3298.090674
1772330426.566826 3236.799732
1772330427.566826 3175.021427
1772330428.566826 3112.760095
1772330429.566826 3050.020371
1772330430.566826 2986.807198
1772330431.566826 2923.125825
1772330432.566826 2858.981812
1772330433.566826 2794.381032
1772330434.566826 2729.329671
1772330435.566826 2663.834230
1772330436.566826 2597.901525
1772330437.566826 2531.538691
1772330438.566826 2464.753175
1772330439.566826 2397.552742
1772330440.566826 2329.945470
1772330441.566826 2261.939750
1772330442.566826 2193.544282
1772330443.566826 2124.768076
1772330444.566826 2055.620447
1772330445.566826 1986.111008
1772330446.566826 1916.249673
1772330447.566826 1846.046647
1772330448.566826 1775.512421
1772330449.566826 1704.657770
1772330450.566826 1633.493742
1772330451.566826 1562.031655
1772330452.566826 1490.283088
1772330453.566826 1418.259874
1772330454.566826 1345.974091
1772330455.566826 1273.438054
1772330456.566826 1200.664304
1772330457.566826 1127.665602
1772330458.566826 1054.454914
1772330459.566826 981.045404
1772330460.566826 907.450423
1772330461.566826 833.683494
1772330462.566826 759.758305
1772330463.566826 685.688692
1772330464.566826 611.488633
1772330465.566826 537.172226
1772330466.566826 462.753687
1772330467.566826 388.247326
1772330468.566826 313.667542
1772330469.566826 239.028803
1772330470.566826 164.345637
1772330471.566826 89.632614
1772330472.566826 14.904336
1772330473.566826 -59.824581
1772330474.566826 -134.539520
1772330475.566826 -209.225877
1772330476.566826 -283.869073
1772330477.566826 -358.454572
1772330478.566826 -432.967893
1772330479.566826 -507.394623
1772330480.566826 -581.720434
1772330481.566826 -655.931092
1772330482.566826 -730.012474
1772330483.566826 -803.950580
1772330484.566826 -877.731546
1772330485.566826 -951.341655
1772330486.566826 -1024.767351
1772330487.566826 -1097.995250
1772330488.566826 -1171.012154
1772330489.566826 -1243.805057
1772330490.566826 -1316.361159
1772330491.566826 -1388.667878
1772330492.566826 -1460.712856
1772330493.566826 -1532.483969
1772330494.566826 -1603.969339
1772330495.566826 -1675.157339
1772330496.566826 -1746.036602
1772330497.566826 -1816.596029
1772330498.566826 -1886.824795
1772330499.566826 -1956.712355
1772330500.566826 -2026.248452
1772330501.566826 -2095.423120
1772330502.566826 -2164.226688
1772330503.566826 -2232.649787
1772330504.566826 -2300.683353
1772330505.566826 -2368.318628
1772330506.566826 -2435.547166
1772330507.566826 -2502.360833
1772330508.566826 -2568.751807
1772330509.566826 -2634.712585
1772330510.566826 -2700.235976
1772330511.566826 -2765.315109
1772330512.566826 -2829.943426
1772330513.566826 -2894.114687
1772330514.566826 -2957.822964
1772330515.566826 -3021.062644
1772330516.566826 -3083.828423
1772330517.566826 -3146.115307
1772330518.566826 -3207.918607
1772330519.566826 -3269.233940
1772330520.566826 -3330.057218
1772330521.566826 -3390.384655
1772330522.566826 -3450.212752
1772330523.566826 -3509.538301
1772330524.566826 -3568.358378
1772330525.566826 -3626.670337
1772330526.566826 -3684.471806
1772330527.566826 -3741.760683
1772330528.566826 -3798.535129
1772330529.566826 -3854.793565
1772330530.566826 -3910.534661
1772330531.566826 -3965.757338
1772330532.566826 -4020.460756
1772330533.566826 -4074.644310
1772330534.566826 -4128.307624
1772330535.566826 -4181.450546
1772330536.566826 -4234.073140
1772330537.566826 -4286.175680
1772330538.566826 -4337.758644
1772330539.566826 -4388.822708
1772330540.566826 -4439.368739
1772330541.566826 -4489.397790
1772330542.566826 -4538.911092
1772330543.566826 -4587.910049
1772330544.566826 -4636.396230
1772330545.566826 -4684.371365
1772330546.566826 -4731.837337
1772330547.566826 -4778.796177
1772330548.566826 -4825.250058
1772330549.566826 -4871.201288
1772330550.566826 -4916.652304
1772330551.566826 -4961.605668
1772330552.566826 -5006.064060
1772330553.566826 -5050.030272
1772330554.566826 -5093.507201
1772330555.566826 -5136.497850
1772330556.566826 -5179.005314
1772330557.566826 -5221.032780
1772330558.566826 -5262.583523
1772330559.566826 -5303.660895
1772330560.566826 -5344.268327
1772330561.566826 -5384.409321
1772330562.566826 -5424.087442
1772330563.566826 -5463.306322
1772330564.566826 -5502.069648
1772330565.566826 -5540.381160
1772330566.566826 -5578.244648
1772330567.566826 -5615.663948
1772330568.566826 -5652.642937
1772330569.566826 -5689.185527
1772330570.566826 -5725.295668
1772330571.566826 -5760.977337
1772330572.566826 -5796.234540
1772330573.566826 -5831.071307
1772330574.566826 -5865.491687
1772330575.566826 -5899.499746
1772330576.566826 -5933.099566
1772330577.566826 -5966.295242
1772330578.566826 -5999.090873
1772330579.566826 -6031.490571
1772330580.566826 -6063.498446
1772330581.566826 -6095.118612
1772330582.566826 -6126.355183
1772330583.566826 -6157.212267
1772330584.566826 -6187.693971
1772330585.566826 -6217.804391
1772330586.566826 -6247.547616
1772330587.566826 -6276.927723
1772330588.566826 -6305.948776
1772330589.566826 -6334.614827
1772330590.566826 -6362.929910
1772330591.566826 -6390.898042
1772330592.566826 -6418.523221
1772330593.566826 -6445.809426
1772330594.566826 -6472.760614
1772330595.566826 -6499.380718
1772330596.566826 -6525.673649
1772330597.566826 -6551.643293
1772330598.566826 -6577.293511
1772330599.566826 -6602.628135
1772330600.566826 -6627.650972
1772330601.566826 -6652.365799
1772330602.566826 -6676.776364
1772330603.566826 -6700.886386
1772330604.566826 -6724.699554
1772330605.566826 -6748.219524
1772330606.566826 -6771.449922
1772330607.566826 -6794.394343
1772330608.566826 -6817.056346
1772330609.566826 -6839.439460
1772330610.566826 -6861.547180
1772330611.566826 -6883.382966
1772330612.566826 -6904.950247
1772330613.566826 -6926.252415
1772330614.566826 -6947.292828
1772330615.566826 -6968.074811
1772330616.566826 -6988.601653
1772330617.566826 -7008.876607
1772330618.566826 -7028.902894
1772330619.566826 -7048.683697
1772330620.566826 -7068.222166
1772330621.566826 -7087.521413
1772330622.566826 -7106.584518
1772330623.566826 -7125.414525
1772330624.566826 -7144.014442
1772330625.566826 -7162.387241
1772330626.566826 -7180.535862
1772330627.566826 -7198.463208
1772330628.566826 -7216.172148
1772330629.566826 -7233.665516
1772330630.566826 -7250.946111
1772330631.566826 -7268.016699
1772330632.566826 -7284.880012
1772330633.566826 -7301.538746
1772330634.566826 -7317.995566
1772330635.566826 -7334.253100
1772330636.566826 -7350.313946
1772330637.566826 -7366.180668
1772330638.566826 -7381.855796
1772330639.566826 -7397.341828
1772330640.566826 -7412.641230
1772330641.566826 -7427.756435
1772330642.566826 -7442.689846
1772330643.566826 -7457.443833
1772330644.566826 -7472.020735
1772330645.566826 -7486.422859
1772330646.566826 -7500.652484
1772330647.566826 -7514.711856
1772330648.566826 -7528.603192
1772330649.566826 -7542.328679
1772330650.566826 -7555.890474
1772330651.566826 -7569.290707
1772330652.566826 -7582.531476
1772330653.566826 -7595.614852
1772330654.566826 -7608.542877
1772330655.566826 -7621.317568
1772330656.566826 -7633.940909
1772330657.566826 -7646.414862
1772330658.566826 -7658.741359
1772330659.566826 -7670.922305
1772330660.566826 -7682.959581
1772330661.566826 -7694.855040
1772330662.566826 -7706.610509
1772330663.566826 -7718.227792
1772330664.566826 -7729.708665
1772330665.566826 -7741.054880
1772330666.566826 -7752.268166
1772330667.566826 -7763.350227
1772330668.566826 -7774.302741
1772330669.566826 -7785.127366
1772330670.566826 -7795.825734
1772330671.566826 -7806.399456
1772330672.566826 -7816.850119
1772330673.566826 -7827.179288
1772330674.566826 -7837.388505
1772330675.566826 -7847.479292
1772330676.566826 -7857.453149
1772330677.566826 -7867.311554
1772330678.566826 -7877.055964
1772330679.566826 -7886.687817
1772330680.566826 -7896.208530
1772330681.566826 -7905.619498
1772330682.566826 -7914.922099
1772330683.566826 -7924.117690
1772330684.566826 -7933.207609
1772330685.566826 -7942.193175
1772330686.566826 -7951.075689
1772330687.566826 -7959.856433
1772330688.566826 -7968.536669
1772330689.566826 -7977.117646
1772330690.566826 -7985.600590
1772330691.566826 -7993.986712
1772330692.566826 -8002.277207
1772330693.566826 -8010.473251
1772330694.566826 -8018.576004
1772330695.566826 -8026.586610
1772330696.566826 -8034.506196
1772330697.566826 -8042.335875
1772330698.566826 -8050.076742
1772330699.566826 -8057.729878
1772330700.566826 -8065.296347
1772330701.566826 -8072.777199
1772330702.566826 -8080.173471
1772330703.566826 -8087.486183
1772330704.566826 -8094.716341
1772330705.566826 -8101.864937
1772330706.566826 -8108.932950
1772330707.566826 -8115.921343
1772330708.566826 -8122.831069
1772330709.566826 -8129.663064
1772330710.566826 -8136.418252
1772330711.566826 -8143.097546
1772330712.566826 -8149.701844
1772330713.566826 -8156.232031
1772330714.566826 -8162.688983
1772330715.566826 -8169.073559
1772330716.566826 -8175.386610
1772330717.566826 -8181.628974
1772330718.566826 -8187.801475
1772330719.566826 -8193.904929
1772330720.566826 -8199.940139
1772330721.566826 -8205.907897
1772330722.566826 -8211.808984
1772330723.566826 -8217.644170
1772330724.566826 -8223.414215
1772330725.566826 -8229.119867
1772330726.566826 -8234.761866
1772330727.566826 -8240.340940
1772330728.566826 -8245.857807
1772330729.566826 -8251.313176
1772330730.566826 -8256.707745
1772330731.566826 -8262.042205
1772330732.566826 -8267.317235
1772330733.566826 -8272.533505
1772330734.566826 -8277.691678
1772330735.566826 -8282.792404
1772330736.566826 -8287.836327
1772330737.566826 -8292.824083
1772330738.566826 -8297.756298
1772330739.566826 -8302.633588
1772330740.566826 -8307.456562
1772330741.566826 -8312.225823
1772330742.566826 -8316.941963
1772330743.566826 -8321.605565
1772330744.566826 -8326.217208
1772330745.566826 -8330.777461
1772330746.566826 -8335.286884
1772330747.566826 -8339.746032
1772330748.566826 -8344.155451
1772330749.566826 -8348.515681
1772330750.566826 -8352.827254
1772330751.566826 -8357.090693
1772330752.566826 -8361.306518
1772330753.566826 -8365.475239
1772330754.566826 -8369.597361
1772330755.566826 -8373.673380
1772330756.566826 -8377.703789
1772330757.566826 -8381.689070
1772330758.566826 -8385.629703
1772330759.566826 -8389.526159
1772330760.566826 -8393.378903
1772330761.566826 -8397.188396
1772330762.566826 -8400.955090
1772330763.566826 -8404.679432
1772330764.566826 -8408.361865
1772330765.566826 -8412.002824
1772330766.566826 -8415.602740
1772330767.566826 -8419.162036
1772330768.566826 -8422.681132
1772330769.566826 -8426.160441
1772330770.566826 -8429.600373
1772330771.566826 -8433.001328
1772330772.566826 -8436.363707
1772330773.566826 -8439.687900
1772330774.566826 -8442.974296
1772330775.566826 -8446.223276
1772330776.566826 -8449.435220
1772330777.566826 -8452.610500
1772330778.566826 -8455.749483
1772330779.566826 -8458.852533
1772330780.566826 -8461.920010
1772330781.566826 -8464.952266
1772330782.566826 -8467.949653
1772330783.566826 -8470.912514
1772330784.566826 -8473.841192
1772330785.566826 -8476.736022
1772330786.566826 -8479.597337
1772330787.566826 -8482.425466
1772330788.566826 -8485.220731
1772330789.566826 -8487.983454
1772330790.566826 -8490.713951
1772330791.566826 -8493.412532
1772330792.566826 -8496.079507
1772330793.566826 -8498.715180
1772330794.566826 -8501.319851
1772330795.566826 -8503.893817
1772330796.566826 -8506.437371
1772330797.566826 -8508.950803
1772330798.566826 -8511.434399
1772330799.566826 -8513.888441
1772330800.566826 -8516.313207
1772330801.566826 -8518.708975
1772330802.566826 -8521.076015
1772330803.566826 -8523.414596
1772330804.566826 -8525.724985
1772330805.566826 -8528.007442
1772330806.566826 -8530.262228
1772330807.566826 -8532.489599
1772330808.566826 -8534.689806
1772330809.566826 -8536.863101
1772330810.566826 -8539.009729
1772330811.566826 -8541.129935
1772330812.566826 -8543.223959
1772330813.566826 -8545.292040
1772330814.566826 -8547.334412
1772330815.566826 -8549.351308
1772330816.566826 -8551.342957
1772330817.566826 -8553.309586
1772330818.566826 -8555.251420
1772330819.566826 -8557.168679
1772330820.566826 -8559.061583
1772330821.566826 -8560.930347
1772330822.566826 -8562.775186
1772330823.566826 -8564.596309
1772330824.566826 -8566.393928
1772330825.566826 -8568.168246
1772330826.566826 -8569.919468
1772330827.566826 -8571.647796
1772330828.566826 -8573.353428
1772330829.566826 -8575.036562
1772330830.566826 -8576.697391
1772330831.566826 -8578.336108
